.Random.seed <-
c(403L, 60L, 1485173706L, 1763079733L, -1418994545L, 827962774L, 
-1108031168L, 820003843L, 1869461025L, 383295760L, 716050158L, 
1630859929L, -1670919381L, 2119882266L, 247889116L, -1606274849L, 
1179573941L, 1661638732L, -1061690206L, -604326915L, 741732599L, 
994842142L, -1313560360L, 1333517371L, -1708694055L, -16923800L, 
-52515178L, -329463791L, 655911363L, -1350494766L, -1885905820L, 
-871093337L, 94782717L, -1251335948L, -451127334L, 1322027813L, 
-1227957697L, 1621008838L, -1063315888L, -524178829L, 2084966033L, 
-926247232L, -1282195298L, 394095721L, 1991211163L, -476038742L, 
1724096972L, -1319072625L, -2078391099L, 1066566780L, -532547374L, 
-944482227L, 1568395527L, -532175634L, 1731169736L, -502598965L, 
651442985L, 606493560L, -994074458L, -418800959L, 1575570259L, 
-96176126L, -369158860L, 1966792375L, 1237123757L, -1268001852L, 
-729596950L, -563477419L, -503129617L, -1806073354L, -570583264L, 
-427226909L, 146742657L, -2040988688L, -1247534450L, -876407303L, 
-1953167477L, -1815243846L, 195783356L, -1673207297L, 1451126613L, 
-136976276L, 1589337282L, -807553251L, -1611403881L, -251933442L, 
-1046161736L, 714877083L, 975980281L, 200722504L, -1744127114L, 
-2068521295L, -1678225693L, -1400955470L, 1338590724L, -445924025L, 
-271747043L, 754294420L, -506145222L, 1958623365L, -414864033L, 
1835730406L, 1587510384L, 1904664467L, 1560049713L, 1233614560L, 
-18301058L, 492697097L, 1363254843L, -1282441206L, 806592492L, 
-693906321L, -1055183963L, -246936740L, -2086971598L, -1260149203L, 
1085304039L, -822362610L, -1229650968L, -1334075925L, -1428666743L, 
402355736L, 1482276166L, -1065821279L, 2032899635L, -454997086L, 
-554828140L, -1740890857L, -312964339L, 852482596L, -86064630L, 
-1485317259L, -1261388081L, -1914318378L, 723041664L, -507136573L, 
-1682058399L, -801412656L, -180805330L, 1377945817L, -515783957L, 
-1133031590L, 754628892L, -1269198817L, 1631304821L, -456365812L, 
2020238562L, -2050691651L, -866182601L, 225192158L, -844037096L, 
-1752622213L, 1390414617L, -805226584L, 46831446L, 1623281617L, 
-1746547837L, 1563274770L, -1112372828L, -159830681L, -354069827L, 
-1489415628L, -964703846L, 667039205L, -1095904897L, -793675514L, 
958309008L, -1521720525L, -1068369711L, -1298924928L, 1369525086L, 
-187262807L, -1291519141L, -2139428502L, 455564300L, -1196180401L, 
1230761221L, -1835397700L, -585357166L, 249367437L, -1135334457L, 
-1890324306L, -1454964472L, 750034699L, 884320745L, -1033015624L, 
-531891866L, 1410251265L, -87378797L, 1780256578L, -2102951692L, 
2131623159L, 1535210733L, -2091579516L, 1229060522L, 859447061L, 
1919139247L, -748059210L, -862594080L, 1106555683L, 337523777L, 
-1758861520L, -987265714L, 242026425L, 779928011L, 2118345338L, 
-734173316L, 1496541119L, 49770645L, -923730260L, 1448955010L, 
-2013086627L, -1637358761L, -549298626L, -673213832L, -902692517L, 
-1746382663L, -547815160L, -276900938L, -982707983L, -1399445725L, 
1197711730L, -1796312124L, 1159987079L, -743389859L, -21218476L, 
-1540816518L, 353930437L, -1419661793L, 127355964L, -1515719916L, 
-395872830L, -682066208L, -864162948L, -1440644400L, 372448418L, 
-433446872L, 694434060L, -40141892L, -1565364942L, -137616960L, 
1369037364L, 1487990728L, 458222778L, -1047727728L, -1948544532L, 
1609492052L, 24425618L, -1335540960L, -771251764L, -1600444960L, 
-694462782L, 329070632L, -232421716L, 1563447484L, 1907154418L, 
1719823664L, -180312924L, 441412280L, 2123995482L, 577661328L, 
-942516356L, -2107586284L, -1634336958L, -285782272L, -934923332L, 
2071282512L, 656699170L, 531854664L, -1765675508L, -1966020516L, 
642429138L, 1105108480L, 318038356L, 2004241896L, -1396593670L, 
-282198832L, -2054350548L, 1345599220L, 1747983762L, 719614048L, 
2139583756L, 934767328L, 802065762L, -1495391576L, -1482036660L, 
2073097596L, 1617111346L, 1383890032L, -131732668L, -980745768L, 
174580858L, 934913584L, -153247044L, 729977684L, -614047678L, 
1100106144L, -1009936708L, 1638108624L, 481406306L, 552757224L, 
-397451316L, 2063205116L, -693041678L, 648690816L, 304863476L, 
1646803592L, 116665146L, 645674832L, 358873708L, 897009812L, 
-911965870L, 683566816L, -830531892L, -1347970912L, 384538498L, 
-2116122904L, -455246100L, 785408060L, -479435150L, 1211331696L, 
1737267748L, 341698616L, -1100287974L, -1729468720L, -215720900L, 
-972006252L, -1519335294L, -727154752L, 971426108L, -679909744L, 
315875362L, -832079864L, -1364714356L, -1268919268L, 677235346L, 
706891904L, 984900628L, 65222952L, -1588127174L, 1164408016L, 
-31419284L, 374222516L, 1606436882L, 340789216L, -863870004L, 
1731132896L, -1084767710L, -1666765528L, 1907500300L, 970907196L, 
964006130L, 1703792368L, -899059900L, 2052390488L, -1364637126L, 
-1688604944L, -982445892L, 2118881812L, -1609984830L, 2012951648L, 
1002110332L, 1761333456L, -1054030814L, 848486056L, -2117663860L, 
-221475396L, -1592034254L, 1179330368L, 1440982196L, 1880581960L, 
726272698L, 1742880528L, 700996844L, 251774036L, -369168622L, 
-986859616L, -216607796L, 78656352L, 1440597186L, 920720936L, 
1329026476L, -1545852100L, -2070530190L, -1332750544L, -1632528860L, 
2129142840L, -1964982054L, 1098749328L, -810042628L, -2012474476L, 
-135145662L, 948362752L, 1116407356L, 1218005584L, -273754462L, 
951862088L, 1265545740L, 744224988L, -412108206L, 340512896L, 
392645460L, 107029992L, 1847410426L, 736627536L, -1364972500L, 
-1870476940L, -5441902L, 947965536L, -1822546292L, -2129234080L, 
1596660450L, 726806696L, -2098086708L, -950312452L, -861356110L, 
-1591694864L, -729152060L, -245212328L, 1253019514L, 983602608L, 
1629984188L, -744160172L, 1336559554L, 1015228192L, -1935000644L, 
-1994697136L, 1062988258L, 1593283944L, -1555714740L, -138308356L, 
849681138L, -494624000L, -172650892L, -138685432L, 937490874L, 
789017552L, 812934636L, 1584713620L, -2048442670L, 1757203040L, 
-1465328308L, 603889952L, -979992958L, 600749544L, -659295252L, 
1713691196L, -1625155982L, -1586066576L, -226381532L, -1418780104L, 
-1157023334L, 741871056L, -862143044L, -1661729644L, -1118918526L, 
-217794470L, -919927016L, 943705217L, -664184269L, 1534683220L, 
-129946526L, -1043905801L, -518476479L, -763487290L, -238753532L, 
1846085813L, -270272609L, -1442768904L, 428952022L, -1053241245L, 
-758578139L, 1625805762L, 1212197040L, -955857703L, -1043529141L, 
460767420L, -763791638L, 535684895L, 1214994345L, 1017962814L, 
1594198060L, -1324755331L, 2071001287L, 1319024048L, 2007830478L, 
-981920517L, 519652189L, 64768138L, -2046290264L, 2089744913L, 
-1434825981L, 57531908L, 1409470002L, -1671369081L, 414327505L, 
181908566L, -1662976972L, -1229742267L, 453322127L, -1376377592L, 
96155430L, 761059283L, -143009483L, 1001803922L, 295571552L, 
-1359821367L, 1309449467L, -1448373556L, 940750682L, -418856369L, 
-1553275111L, 2078019886L, 914043708L, -1670080339L, 1549318999L, 
429534880L, -191666178L, -1599017269L, 1454883021L, 890586106L, 
1782394936L, 121670113L, 1538732691L, 146610356L, 1173440962L, 
-1946881577L, 891313697L, 290952678L, 1151102180L, 369939477L, 
1271727167L, -647345192L, 1567661558L, -33481213L, 1003182405L, 
-2031846046L, 119643856L, 503527929L, 1186089259L, 982332060L, 
-261859126L, -283946561L, -861555447L, 1023292958L, 221113292L, 
1148250525L, 1957684263L, -1282463152L, 1440634606L, 1097133979L, 
-515187203L, 1615380714L, -764583032L, 1071877425L, -798034525L, 
-762797660L, -85511086L, -278573145L, -44676111L, 94629686L, 
-1909240876L, -114400923L, 1279008111L, -40607832L, 51123462L, 
1756175411L, 421313173L, 30051058L, 49181504L, -2115217239L, 
1619922203L, 852646636L, 768149242L, 1489049391L, -1988978887L, 
-132953778L, 755627932L, -411806451L, 1999126391L, 1590467456L, 
1040486878L, 1312351915L, -1727805011L, 1106746906L, 1556488408L, 
693742913L, 1757873651L, -1577491436L, 922610082L, 226279095L, 
1446549633L, 282914950L, -2022169404L, 1873609205L, 1191697503L, 
